3 0.009375 0.395139 0.007812 0.034722
3 0.020703 0.404167 0.008594 0.033333
3 0.029297 0.408333 0.008594 0.013889
0 0.053516 0.471528 0.010156 0.043056
3 0.877734 0.338194 0.016406 0.084722
3 0.812891 0.402083 0.011719 0.023611
0 0.769141 0.415972 0.008594 0.037500
0 0.783203 0.411111 0.008594 0.038889
0 0.797266 0.405556 0.008594 0.038889
3 0.687109 0.491667 0.013281 0.030556
3 0.721484 0.502083 0.005469 0.023611
2 0.465625 0.479167 0.006250 0.011111
2 0.480078 0.480556 0.005469 0.011111
0 0.449609 0.470833 0.005469 0.025000