3 0.923828 0.391667 0.014844 0.061111
3 0.905469 0.401389 0.012500 0.061111
3 0.893750 0.407639 0.012500 0.034722
3 0.882812 0.414583 0.012500 0.054167
3 0.918750 0.481944 0.021875 0.075000
3 0.646094 0.558333 0.007812 0.025000
3 0.638281 0.559722 0.007812 0.025000
0 0.569922 0.486111 0.007031 0.030556
0 0.549219 0.484028 0.006250 0.034722
0 0.535937 0.488194 0.014063 0.018056
0 0.523438 0.484722 0.007812 0.033333
3 0.178516 0.538194 0.007031 0.023611
3 0.170703 0.538194 0.005469 0.023611
3 0.069141 0.447222 0.007031 0.033333
3 0.057813 0.440972 0.007812 0.034722
3 0.051172 0.437500 0.008594 0.019444
3 0.044922 0.432639 0.007031 0.037500