3 0.835547 0.509722 0.005469 0.022222
3 0.748828 0.520833 0.003906 0.016667
3 0.755469 0.520139 0.004687 0.020833
3 0.828516 0.427778 0.005469 0.033333
3 0.823438 0.429861 0.004687 0.031944
3 0.776172 0.444444 0.007031 0.030556
3 0.769922 0.445139 0.005469 0.029167
3 0.669922 0.434722 0.016406 0.063889
3 0.384766 0.475000 0.003906 0.016667
0 0.389844 0.475000 0.003125 0.016667
3 0.435547 0.477083 0.003906 0.018056
3 0.440234 0.477083 0.003906 0.018056
3 0.187891 0.413889 0.019531 0.058333
3 0.130859 0.434722 0.005469 0.025000
3 0.134766 0.435417 0.007031 0.023611
3 0.160938 0.447222 0.004687 0.022222
3 0.164844 0.449306 0.006250 0.020833