3 0.191927 0.273611 0.004687 0.025000
3 0.198437 0.277778 0.006250 0.025926
3 0.204687 0.279630 0.004167 0.020370
3 0.175260 0.313426 0.007812 0.032407
3 0.183073 0.329630 0.005729 0.025926
3 0.144271 0.332407 0.005208 0.020370
0 0.423177 0.273611 0.004687 0.019444
0 0.440104 0.274074 0.005208 0.020370
3 0.463542 0.276852 0.006250 0.020370
3 0.648438 0.237037 0.007292 0.033333
3 0.640885 0.235648 0.007812 0.036111
3 0.627865 0.238426 0.006771 0.032407
3 0.618750 0.241204 0.007292 0.030556
2 0.237500 0.144444 0.012500 0.061111
0 0.188281 0.159722 0.011979 0.058333
0 0.137240 0.178241 0.010937 0.054630