3 0.884896 0.342831 0.013542 0.025735
3 0.866927 0.352941 0.009896 0.036765
3 0.852083 0.360754 0.011458 0.037684
3 0.837760 0.369026 0.011979 0.039522
3 0.640885 0.437500 0.021354 0.044118
3 0.628125 0.463695 0.011458 0.028493
3 0.474479 0.482996 0.008333 0.017463
3 0.048958 0.391544 0.009375 0.040441
3 0.058073 0.393382 0.006771 0.034926
3 0.068490 0.399357 0.007812 0.034007
3 0.078125 0.400276 0.008333 0.015625
3 0.135677 0.439798 0.017188 0.046875
0 0.358594 0.430147 0.006771 0.025735
0 0.373177 0.429228 0.006771 0.027574
0 0.388542 0.430607 0.007292 0.026654
3 0.399740 0.430147 0.007812 0.011029
0 0.245833 0.477941 0.008333 0.016544
0 0.260417 0.474724 0.007292 0.017463